Dense results: {'params': {'learning_rate': 0.011310861746975967, 'loss_function': 'mean_squared_error', 'start_neurons': 16, 'max_neurons': 32, 'dropout': False, 'X_train':         concurrency  provider  total_operands  distinct_operands  total_operators  ...    volume  difficulty  vocabulary    length   success
40047     -0.511615  0.254855       -0.647339          -0.685427        -0.660172  ... -0.624939   -0.588244   -0.723246 -0.654442  0.436250
291951     0.159827  1.218559       -0.615861          -0.593811        -0.606513  ... -0.596360   -0.556719   -0.617506 -0.611949 -2.292262
2562       1.502711  0.254855       -0.521427          -0.318965        -0.445536  ... -0.507322   -0.493670   -0.342583 -0.484471  0.436250
193055    -1.099127  0.254855       -0.437485          -0.115375        -0.424073  ... -0.464307   -0.518728   -0.243893 -0.431355  0.436250
56221     -1.177811  0.254855       -0.647339          -0.685427        -0.660172  ... -0.624939   -0.588244   -0.723246 -0.654442  0.436250
...             ...       ...             ...                ...              ...  ...       ...         ...         ...       ...       ...
158045     0.159827 -0.708848        2.353571           3.284578         2.645218  ...  2.729035    0.837792    2.871901  2.500651  0.436250
87338     -1.015196 -0.708848        1.619083           0.902575         1.464721  ...  1.434816    2.123980    1.264659  1.544562  0.436250
99412      1.502711  1.218559       -0.615861          -0.593811        -0.606513  ... -0.596360   -0.556719   -0.617506 -0.611949  0.436250
120307     0.159827  1.218559       -0.615861          -0.593811        -0.606513  ... -0.596360   -0.556719   -0.617506 -0.611949  0.436250
70144      1.502711 -0.708848        1.619083           0.902575         1.464721  ...  1.434816    2.123980    1.264659  1.544562  0.436250

[2101 rows x 14 columns], 'y_train': 40047    -0.208648
291951    4.168833
2562     -0.253368
193055   -0.385571
56221    -0.198373
            ...   
158045   -0.287755
87338    -0.305751
99412    -0.269166
120307   -0.332001
70144    -0.329626
Name: duration, Length: 2101, dtype: float64, 'X_test':         concurrency  provider  total_operands  distinct_operands  total_operators  ...    volume  difficulty  vocabulary    length   success
86308     -1.015196 -0.708848        1.619083           0.902575         1.464721  ...  1.434816    2.123980    1.264659  1.544562  0.436250
114531     1.502711  0.254855       -0.647339          -0.685427        -0.660172  ... -0.624939   -0.588244   -0.723246 -0.654442  0.436250
46141     -0.511615  0.254855       -0.647339          -0.685427        -0.660172  ... -0.624939   -0.588244   -0.723246 -0.654442  0.436250
135975     1.502711  1.218559       -0.615861          -0.593811        -0.606513  ... -0.596360   -0.556719   -0.617506 -0.611949  0.436250
78650      1.502711 -0.708848        1.619083           0.902575         1.464721  ...  1.434816    2.123980    1.264659  1.544562  0.436250
...             ...       ...             ...                ...              ...  ...       ...         ...         ...       ...       ...
132342    -1.015196  1.218559       -0.615861          -0.593811        -0.606513  ... -0.596360   -0.556719   -0.617506 -0.611949 -2.292262
171883    -1.141092 -0.708848        0.290008           0.637908         0.334307  ...  0.247928   -0.080565    0.503334  0.312270  0.436250
15688     -0.847336  1.218559       -0.615861          -0.593811        -0.606513  ... -0.596360   -0.556719   -0.617506 -0.611949  0.436250
3325       0.159827  0.254855       -0.521427          -0.318965        -0.445536  ... -0.507322   -0.493670   -0.342583 -0.484471  0.436250
46144     -0.511615  0.254855       -0.647339          -0.685427        -0.660172  ... -0.624939   -0.588244   -0.723246 -0.654442  0.436250

[701 rows x 14 columns], 'y_test': 86308    -0.270948
114531    1.054703
46141    -0.331882
135975    0.081830
78650    -0.187267
            ...   
132342   -0.332179
171883   -0.372565
15688    -0.365676
3325     -0.362350
46144    -0.329566
Name: duration, Length: 701, dtype: float64, 'dir': 'results/20250718_000321-opt_False-opt_ep_5-train_ep_100', 'type': 'train', 'epochs': 100, 'architecture': 'Dense', 'batch_size': 32}, 'model': <Sequential name=sequential, built=True>, 'train_results': <keras.src.callbacks.history.History object at 0x1506f1640>, 'X_test':         concurrency  provider  total_operands  distinct_operands  total_operators  ...    volume  difficulty  vocabulary    length   success
86308     -1.015196 -0.708848        1.619083           0.902575         1.464721  ...  1.434816    2.123980    1.264659  1.544562  0.436250
114531     1.502711  0.254855       -0.647339          -0.685427        -0.660172  ... -0.624939   -0.588244   -0.723246 -0.654442  0.436250
46141     -0.511615  0.254855       -0.647339          -0.685427        -0.660172  ... -0.624939   -0.588244   -0.723246 -0.654442  0.436250
135975     1.502711  1.218559       -0.615861          -0.593811        -0.606513  ... -0.596360   -0.556719   -0.617506 -0.611949  0.436250
78650      1.502711 -0.708848        1.619083           0.902575         1.464721  ...  1.434816    2.123980    1.264659  1.544562  0.436250
...             ...       ...             ...                ...              ...  ...       ...         ...         ...       ...       ...
132342    -1.015196  1.218559       -0.615861          -0.593811        -0.606513  ... -0.596360   -0.556719   -0.617506 -0.611949 -2.292262
171883    -1.141092 -0.708848        0.290008           0.637908         0.334307  ...  0.247928   -0.080565    0.503334  0.312270  0.436250
15688     -0.847336  1.218559       -0.615861          -0.593811        -0.606513  ... -0.596360   -0.556719   -0.617506 -0.611949  0.436250
3325       0.159827  0.254855       -0.521427          -0.318965        -0.445536  ... -0.507322   -0.493670   -0.342583 -0.484471  0.436250
46144     -0.511615  0.254855       -0.647339          -0.685427        -0.660172  ... -0.624939   -0.588244   -0.723246 -0.654442  0.436250

[701 rows x 14 columns], 'y_test': 86308    -0.270948
114531    1.054703
46141    -0.331882
135975    0.081830
78650    -0.187267
            ...   
132342   -0.332179
171883   -0.372565
15688    -0.365676
3325     -0.362350
46144    -0.329566
Name: duration, Length: 701, dtype: float64, 'scaler': StandardScaler(), 'encoders': {'provider': LabelEncoder()}}
